NAME : single
TYPE : ATSP
DIMENSION : 21
EDGE_WEIGHT_TYPE : EXPLICIT
EDGE_WEIGHT_FORMAT : FULL_MATRIX
EDGE_WEIGHT_SECTION
0 2148 1996 3063 2788 1409 356 310 2832 1211 3108 2221 529 2282 594 1153 1552 1235 2310 740 1543 
199570 0 595 1215 967 1492 2399 2501 1161 1977 1436 269 2721 319 2785 1919 1630 2001 1011 2783 2506 
199600 595 0 1509 1261 1339 2247 2349 1486 1825 1758 864 2568 914 2633 1767 1478 1849 508 2631 2354 
199387 1215 1509 0 281 2406 3313 3415 261 2892 299 1425 3635 1485 3699 2833 2545 2915 1925 3697 3421 
199442 967 1261 281 0 2131 3039 3141 259 2617 567 1177 3360 1237 3425 2558 2270 2641 1678 3422 3146 
199718 1492 1339 2406 2131 0 1659 1761 2175 1209 2451 1565 1981 1625 2045 1150 304 1233 1653 2043 1738 
199928 2399 2247 3313 3039 1659 0 136 3083 1462 3359 2472 495 2533 559 1403 1802 1486 2561 387 1191 
199937 2501 2349 3415 3141 1761 136 0 3195 1574 3471 2584 607 2644 671 1515 1914 1598 2673 511 1328 
199433 1161 1486 261 259 2175 3083 3195 0 2661 308 1234 3404 1294 3469 2603 2314 2685 1823 3467 3190 
199757 1977 1825 2892 2617 1209 1462 1574 2661 0 2937 2050 1783 2111 1848 218 1420 277 2139 1846 785 
199378 1436 1758 299 567 2451 3359 3471 308 2937 0 1510 3680 1570 3745 2878 2590 2961 2098 3743 3466 
199555 269 864 1425 1177 1565 2472 2584 1234 2050 1510 0 2777 70 2858 1992 1703 2074 1280 2856 2579 
199894 2721 2568 3635 3360 1981 495 607 3404 1783 3680 2777 0 2706 147 1577 1976 1659 2734 680 1575 
199543 319 914 1485 1237 1625 2533 2644 1294 2111 1570 70 2706 0 2855 2052 1764 2135 1331 2916 2640 
199881 2785 2633 3699 3425 2045 559 671 3469 1848 3745 2858 147 2855 0 1642 2040 1724 2799 782 1629 
199769 1919 1767 2833 2558 1150 1403 1515 2603 218 2878 1992 1577 2052 1642 0 1361 82 2081 1787 587 
199689 1630 1478 2545 2270 304 1802 1914 2314 1420 2590 1703 1976 1764 2040 1361 0 1444 1792 2186 1949 
199752 2001 1849 2915 2641 1233 1486 1598 2685 277 2961 2074 1659 2135 1724 82 1444 0 2163 1870 507 
199537 1011 508 1925 1678 1653 2561 2673 1823 2139 2098 1280 2734 1331 2799 2081 1792 2163 0 2945 2668 
199851 2783 2631 3697 3422 2043 387 511 3467 1846 3743 2856 680 2916 782 1787 2186 1870 2945 0 1365 
199691 2506 2354 3421 3146 1738 1191 1328 3190 785 3466 2579 1575 2640 1629 587 1949 507 2668 1365 0 
EOF